247365918
935418276
186297543
314982765
572643189
869751432
753126894
698574321
421839657


793548261
145326897
682917354
938165472
421789635
576234189
854691723
269473518
317852946

937564821
482971536
561283947
679132458
218457369
354698712
725846193
193725684
846319275


768154329
259863174
431792865
975238416
642517983
813946752
196385247
587429631
324671598

659328471
834571296
712694358
148237965
326159784
597486132
473815629
281963547
965742813


162387495
487695132
935241687
741829356
593476218
628153749
814962573
259734861
376518924


863241579
417395862
592687341
624839715
978516234
351724986
289463157
736152498
145978623

4...3....
...6..8..
........1
....5..9.
.8....6..
.7.2.....
...1.27..
5.3....4.
9.7......


...6.5.29
642..7...
.95.32.6.
.3.7.86..
5...268.3
.683.1.9.
..62139..
.2.579186
951864...


